Swp Initialzing Variables to be used in Init1

- SwpTranTi
[2000	500	250	250	250	250	250	250	250	250	250	250	250	250	250	250	250	250	250	250	250	250	250	250	250	250	250	250	250	250	250	250	250	250	250	250	250	250	250	250	250	250	250	250	250	250	250	250	250	250	250	250	250	250	250	250	250	250	250	250	250	250	250	250	250	250	250	250	250	250	250	250	250	250	250	250	250	250	250	250	250	250	250	250	250	250	250	250	250	250	250	250	250	250	250	250	250	250	250	1000];

-SwpFrqList
[0	1	1.2	1.4	1.6	1.8	2	2.25	2.5	2.75	3	3.25	3.5	3.75	4	4.25	4.5	4.75	5	5.25	5.5	5.75	6	6.25	6.5	6.75	7	7.25	7.5	7.75	8	8.25	8.5	8.75	9	9.25	9.5	9.75	10	10.25	10.5	10.75	11	11.25	11.5	11.75	12	12.25	12.5	12.75	13	13.25	13.5	13.75	14	14.25	14.5	14.75	15	15.5	16	16.5	17	17.5	18	18.5	19	19.5	20	21	22	23	24	25	26	27	28	29	30	32	34	36	38	40	42	44	46	48	50	55	60	65	70	75	80	85	90	95	100	105];

- SwpGain

 0.45

- SwpCfg

 1

- SwpDwellTi
[0	32000	18333	10714	9375	8333	7500	6667	6000	5455	4667	4308	3714	3467	3000	2824	2667	2526	2400	2286	2182	2087	2000	2000	2000	2000	2000	2000	2000	2000	2000	2000	2000	2000	2000	2000	2000	2000	2000	2000	2000	2000	2000	2000	2000	2000	2000	2000	2000	2000	2000	2000	2000	2000	2000	2000	2000	2000	2000	2000	2000	2000	2000	2000	2000	2000	2000	2000	2000	2000	2000	2000	2000	2000	2000	2000	2000	2000	2000	2000	2000	2000	2000	2000	2000	2000	2000	2000	2000	2000	2000	2000	2000	2000	2000	2000	2000	2000	2000	2000];

- SwpVehSpdMax

 1 

-SwpVehSpdChkEna

 1

-SwpOffs

 0

-SwpSwtSt

 0

-SwpSinAmp
 
 0.5

-SwpLstStSinArg

 0

-SwpInstsFrq

 0

-SwpGenHwTq

 0

-SwpFrqIdx

 1 (Index 1 in MATLAB corresponds to index 0 in C code)

-SwpCosTq

 1

-SwpSinTq

 0

-SwpModEna

 1 

-SwpDwellStrtTi

 0

-SwpTranStrtTi

 0